60, 50, 120 [ 70, 60, 130
0, 100, 0 [ 10, 115, 10
0, 0, 170 [ 10, 5, 185
120, 70, 0 [ 135, 80, 10
0, 105, 120 [ 5, 115, 135
230, 230, 230 [ 255, 255, 255
50, 60, 240 [ 60, 70, 255
240, 0, 170 [ 255, 10, 185
200, 0, 240 [ 235, 20, 255
70, 235, 120 [ 90, 255, 150
0, 100, 250 [ 10, 110, 255
140, 0, 160 [ 155, 5, 175
240, 30, 0 [ 255, 45, 10
0, 200, 240 [ 10, 240, 255
230, 230, 0 [ 255, 255, 20
0, 0, 110 [ 10, 10, 130
0, 45, 120 [ 5, 55, 135
220, 170, 245 [ 255, 190, 255
80, 100, 110 [ 90, 120, 120
60, 50, 0 [ 70, 60, 10
35, 110, 20 [ 65, 140, 50
105, 0, 235 [ 120, 10, 255
0, 240, 60 [ 5, 255, 80
0, 240, 175 [ 5, 255, 190
0, 0, 0 [ 20, 20, 20
